# Create a vector of 7-coded votes
h_votes.7 <- c(
  'RH0880104',
  'RH0880047',
  'RH0880187',
  'RH0880223',
  'RH0890161',
  'RH0890166',
  'RH0890167',
  'RH0890168',
  'RH0890169',
  'RH0890041',
  'RH0890354',
  'RH0890374',
  'RH0900122',
  'RH0900190',
  'RH0900044',
  'RH0900077',
  'RH0900078',
  'RH0900285',
  'RH0900326',
  'RH0900352',
  'RH0900353',
  'RH0900430',
  'RH0900461',
  'RH0910019',
  'RH0910077',
  'RH0910085',
  'RH0910212',
  'RH0910256',
  'RH0910267',
  'RH0910268',
  'RH0910277',
  'RH0910278',
  'RH0910323',
  'RH0910357',
  'RH0910183',
  'RH0920102',
  'RH0920120',
  'RH0920125',
  'RH0920129',
  'RH0920145',
  'RH0920168',
  'RH0920247',
  'RH0920248',
  'RH0920249',
  'RH0920250',
  'RH0920296',
  'RH0920055',
  'RH0920056',
  'RH0920057',
  'RH0920339',
  'RH0920340',
  'RH0920341',
  'RH0920352',
  'RH0920362',
  'RH0920375',
  'RH0920376',
  'RH0920377',
  'RH0920378',
  'RH0920379',
  'RH0920381',
  'RH0920382',
  'RH0920383',
  'RH0920446',
  'RH0920447',
  'RH0920501',
  'RH0920512',
  'RH0920513',
  'RH0920518',
  'RH0920519',
  'RH0920610',
  'RH0920633',
  'RH0920636',
  'RH0920648',
  'RH0930166',
  'RH0930167',
  'RH0930168',
  'RH0930195',
  'RH0930263',
  'RH0930265',
  'RH0930316',
  'RH0930032',
  'RH0930339',
  'RH0930034',
  'RH0930368',
  'RH0930038',
  'RH0930400',
  'RH0930401',
  'RH0930402',
  'RH0930489',
  'RH0930491',
  'RH0930505',
  'RH0930508',
  'RH0930531',
  'RH0930081',
  'RH0930093',
  'RH0930094',
  'RH0930095',
  'RH0930096',
  'RH0931006',
  'RH0931040',
  'RH0930696',
  'RH0940124',
  'RH0940158',
  'RH0940233',
  'RH0940268',
  'RH0940279',
  'RH0940284',
  'RH0940310',
  'RH0940335',
  'RH0940338',
  'RH0940036',
  'RH0940412',
  'RH0940414',
  'RH0940415',
  'RH0940437',
  'RH0940438',
  'RH0940443',
  'RH0940452',
  'RH0940453',
  'RH0940454',
  'RH0940521',
  'RH0940532',
  'RH0940557',
  'RH0940558',
  'RH0940559',
  'RH0940089',
  'RH0941065',
  'RH0941069',
  'RH0941098',
  'RH0941099',
  'RH0941140',
  'RH0941141',
  'RH0941142',
  'RH0941148',
  'RH0941149',
  'RH0941150',
  'RH0941168',
  'RH0941169',
  'RH0941170',
  'RH0941171',
  'RH0941172',
  'RH0941187',
  'RH0941188',
  'RH0941193',
  'RH0941203',
  'RH0941234',
  'RH0941235',
  'RH0941240',
  'RH0940644',
  'RH0940681',
  'RH0940750',
  'RH0940777',
  'RH0940778',
  'RH0940784',
  'RH0940785',
  'RH0940786',
  'RH0940787',
  'RH0940789',
  'RH0940842',
  'RH0940852',
  'RH0940853',
  'RH0940959',
  'RH0940960',
  'RH0940984',
  'RH0950110',
  'RH0950111',
  'RH0950120',
  'RH0950196',
  'RH0950198',
  'RH0950214',
  'RH0950230',
  'RH0950025',
  'RH0950260',
  'RH0950261',
  'RH0950262',
  'RH0950264',
  'RH0950265',
  'RH0950266',
  'RH0950267',
  'RH0950268',
  'RH0950270',
  'RH0950271',
  'RH0950272',
  'RH0950284',
  'RH0950504',
  'RH0950532',
  'RH0950587',
  'RH0950607',
  'RH0950639',
  'RH0950664',
  'RH0950703',
  'RH0950704',
  'RH0950263',
  'RH0951053',
  'RH0951054',
  'RH0951060',
  'RH0951062',
  'RH0951082',
  'RH0951113',
  'RH0951469',
  'RH0951519',
  'RH0951520',
  'RH0950707',
  'RH0950708',
  'RH0950750',
  'RH0950871',
  'RH0950875',
  'RH0950923',
  'RH0950924',
  'RH0960228',
  'RH0960254',
  'RH0960255',
  'RH0960360',
  'RH0960518',
  'RH0960523',
  'RH0960524',
  'RH0960600',
  'RH0960601',
  'RH0960610',
  'RH0960611',
  'RH0960645',
  'RH0960646',
  'RH0961061',
  'RH0961147',
  'RH0961170',
  'RH0961176',
  'RH0961182',
  'RH0961212',
  'RH0961258',
  'RH0961259',
  'RH0961266',
  'RH0960704',
  'RH0960705',
  'RH0960712',
  'RH0960713',
  'RH0960714',
  'RH0960725',
  'RH0960728',
  'RH0960879',
  'RH0960973',
  'RH0960998',
  'RH0970101',
  'RH0970135',
  'RH0970151',
  'RH0970202',
  'RH0970251',
  'RH0970252',
  'RH0970265',
  'RH0970266',
  'RH0970046',
  'RH0970067',
  'RH0970554',
  'RH0970605',
  'RH0970606',
  'RH0970623',
  'RH0970624',
  'RH0970625',
  'RH0970646',
  'RH0970647',
  'RH0970648',
  'RH0970664',
  'RH0970666',
  'RH0970673',
  'RH0970709',
  'RH0970722',
  'RH0970723',
  'RH0970724',
  'RH0970725',
  'RH0970726',
  'RH0970727',
  'RH0970734',
  'RH0970737',
  'RH0970738',
  'RH0970739',
  'RH0970797',
  'RH0970810',
  'RH0970713',
  'RH0980139',
  'RH0980141',
  'RH0980179',
  'RH0980308',
  'RH0980309',
  'RH0980317',
  'RH0980404',
  'RH0980418',
  'RH0980419',
  'RH0980420',
  'RH0980520',
  'RH0980521',
  'RH0980598',
  'RH0980599',
  'RH0980600',
  'RH0980738',
  'RH0980791',
  'RH0980821',
  'RH0980822',
  'RH0980823',
  'RH0980824',
  'RH0980829',
  'RH0980830',
  'RH0980831',
  'RH0980851',
  'RH0980855',
  'RH0980857',
  'RH0980858',
  'RH0980864',
  'RH0980888',
  'RH0990224',
  'RH0990226',
  'RH0990305',
  'RH0990031',
  'RH0990032',
  'RH0990329',
  'RH0990370',
  'RH0990394',
  'RH0990395',
  'RH0990398',
  'RH0990400',
  'RH0990405',
  'RH0990406',
  'RH0990407',
  'RH0990408',
  'RH0990409',
  'RH0990439',
  'RH0990225',
  'RH0990549',
  'RH0990656',
  'RH0990744',
  'RH0990806',
  'RH0990807',
  'RH0990847',
  'RH0990873',
  'RH0990796',
  'RH0990844',
  'RH0990845',
  'RH1000013',
  'RH1000160',
  'RH1000319',
  'RH1000334',
  'RH1000398',
  'RH1000428',
  'RH1000433',
  'RH1000467',
  'RH1000468',
  'RH1000469',
  'RH1000470',
  'RH1000007',
  'RH1000006',
  'RH1000455',
  'RH1000654',
  'RH1000677',
  'RH1000876',
  'RH1000877',
  'RH1000878',
  'RH1000886',
  'RH1000912',
  'RH1010174',
  'RH1010327',
  'RH1010328',
  'RH1010329',
  'RH1010330',
  'RH1010331',
  'RH1010334',
  'RH1010335',
  'RH1010319',
  'RH1010374',
  'RH1010381',
  'RH1010412',
  'RH1010413',
  'RH1010487',
  'RH1010489',
  'RH1010490',
  'RH1010491',
  'RH1010492',
  'RH1010493',
  'RH1010494',
  'RH1010495',
  'RH1010670',
  'RH1010671',
  'RH1010710',
  'RH1010715',
  'RH1010717',
  'RH1010718',
  'RH1010735',
  'RH1010853',
  'RH1010868',
  'RH1010488',
  'RH1010711',
  'RH1010867',
  'RH1020335',
  'RH1020072',
  'RH1020556',
  'RH1020565',
  'RH1020704',
  'RH1020705',
  'RH1020706',
  'RH1020707',
  'RH1020757',
  'RH1020823',
  'RH1020835',
  'RH1030183',
  'RH1030322',
  'RH1030430',
  'RH1030431',
  'RH1030468',
  'RH1030469',
  'RH1030512',
  'RH1030514',
  'RH1030523',
  'RH1030577',
  'RH1031012',
  'RH1031032',
  'RH1030600',
  'RH1030826',
  'RH1030827',
  'RH1030854',
  'RH1030943',
  'RH1030944',
  'RH1030950',
  'RH1030951',
  'RH1031034',
  'RH1040161',
  'RH1040166',
  'RH1040191',
  'RH1040022',
  'RH1040025',
  'RH1040027',
  'RH1040302',
  'RH1040303',
  'RH1040304',
  'RH1040305',
  'RH1040306',
  'RH1040307',
  'RH1040308',
  'RH1040309',
  'RH1040310',
  'RH1040311',
  'RH1040312',
  'RH1040313',
  'RH1040314',
  'RH1040315',
  'RH1040316',
  'RH1040317',
  'RH1040318',
  'RH1040319',
  'RH1040320',
  'RH1040323',
  'RH1040324',
  'RH1040325',
  'RH1040326',
  'RH1040327',
  'RH1040328',
  'RH1040490',
  'RH1040497',
  'RH1040055',
  'RH1040550',
  'RH1040551',
  'RH1040056',
  'RH1040585',
  'RH1040588',
  'RH1040589',
  'RH1040591',
  'RH1040592',
  'RH1040060',
  'RH1040655',
  'RH1040693',
  'RH1040694',
  'RH1040695',
  'RH1040703',
  'RH1040704',
  'RH1040745',
  'RH1040827',
  'RH1041073',
  'RH1041074',
  'RH1041119',
  'RH1041120',
  'RH1041141',
  'RH1041145',
  'RH1041265',
  'RH1040886',
  'RH1040887',
  'RH1040905',
  'RH1040993',
  'RH1040997',
  'RH1050106',
  'RH1050147',
  'RH1050149',
  'RH1050154',
  'RH1050246',
  'RH1050288',
  'RH1050418',
  'RH1050491',
  'RH1050495',
  'RH1050530',
  'RH1050538',
  'RH1050544',
  'RH1050545',
  'RH1050546',
  'RH1050547',
  'RH1050548',
  'RH1050550',
  'RH1050551',
  'RH1050090',
  'RH1051009',
  'RH1051015',
  'RH1051142',
  'RH1050907',
  'RH1050908',
  'RH1050941',
  'RH1050951',
  'RH1050954',
  'RH1050956',
  'RH1050957',
  'RH1050965',
  'RH1050966',
  'RH1060279',
  'RH1060281',
  'RH1060289',
  'RH1060291',
  'RH1060339',
  'RH1061119',
  'RH1061136',
  'RH1060667',
  'RH1060668',
  'RH1060669',
  'RH1060670',
  'RH1060671',
  'RH1060713',
  'RH1060728',
