# Create a vector of 7-coded votes
s_votes.7 <- c(
  'RS0800188',
  'RS0800189',
  'RS0800191',
  'RS0810306',
  'RS0810307',
  'RS0810308',
  'RS0820104',
  'RS0820105',
  'RS0820106',
  'RS0820267',
  'RS0840031',
  'RS0840037',
  'RS0840116',
  'RS0840118',
  'RS0840126',
  'RS0840152',
  'RS0840153',
  'RS0840154',
  'RS0850041',
  'RS0850042',
  'RS0850043',
  'RS0860207',
  'RS0860072',
  'RS0860073',
  'RS0860331',
  'RS0870159',
  'RS0870078',
  'RS0880141',
  'RS0880156',
  'RS0880497',
  'RS0880499',
  'RS0880500',
  'RS0890001',
  'RS0890002',
  'RS0890003',
  'RS0890005',
  'RS0890006',
  'RS0890348',
  'RS0890352',
  'RS0900136',
  'RS0900405',
  'RS0900406',
  'RS0900449',
  'RS0900467',
  'RS0900568',
  'RS0910096',
  'RS0910097',
  'RS0910098',
  'RS0910345',
  'RS0910445',
  'RS0910452',
  'RS0910453',
  'RS0910454',
  'RS0910457',
  'RS0910458',
  'RS0910538',
  'RS0910541',
  'RS0910542',
  'RS0910543',
  'RS0920131',
  'RS0920174',
  'RS0920019',
  'RS0920020',
  'RS0920200',
  'RS0920206',
  'RS0920021',
  'RS0920258',
  'RS0920259',
  'RS0920260',
  'RS0920261',
  'RS0920368',
  'RS0920401',
  'RS0920561',
  'RS0920563',
  'RS0920593',
  'RS0920594',
  'RS0920711',
  'RS0920712',
  'RS0920713',
  'RS0920715',
  'RS0920716',
  'RS0920867',
  'RS0920908',
  'RS0920931',
  'RS0920932',
  'RS0920937',
  'RS0920938',
  'RS0920950',
  'RS0920955',
  'RS0920846',
  'RS0930197',
  'RS0930199',
  'RS0930200',
  'RS0930202',
  'RS0930244',
  'RS0930025',
  'RS0930026',
  'RS0930312',
  'RS0930313',
  'RS0930470',
  'RS0930054',
  'RS0930055',
  'RS0930564',
  'RS0930565',
  'RS0931031',
  'RS0931130',
  'RS0931131',
  'RS0930812',
  'RS0930836',
  'RS0930902',
  'RS0930982',
  'RS0940288',
  'RS0940289',
  'RS0940290',
  'RS0940291',
  'RS0940336',
  'RS0940343',
  'RS0940344',
  'RS0940482',
  'RS0941036',
  'RS0941065',
  'RS0941066',
  'RS0941070',
  'RS0941076',
  'RS0941077',
  'RS0941078',
  'RS0941079',
  'RS0941088',
  'RS0941089',
  'RS0941090',
  'RS0941091',
  'RS0941092',
  'RS0941093',
  'RS0941112',
  'RS0941171',
  'RS0941172',
  'RS0941173',
  'RS0941174',
  'RS0941273',
  'RS0941296',
  'RS0941300',
  'RS0940760',
  'RS0940975',
  'RS0940976',
  'RS0940977',
  'RS0950119',
  'RS0950154',
  'RS0950155',
  'RS0950179',
  'RS0950182',
  'RS0950183',
  'RS0950184',
  'RS0950185',
  'RS0950186',
  'RS0950189',
  'RS0950190',
  'RS0950278',
  'RS0950336',
  'RS0950371',
  'RS0950178',
  'RS0950180',
  'RS0950181',
  'RS0950332',
  'RS0950333',
  'RS0950334',
  'RS0950335',
  'RS0950667',
  'RS0950856',
  'RS0950857',
  'RS0950858',
  'RS0950859',
  'RS0950860',
  'RS0950861',
  'RS0950943',
  'RS0960129',
  'RS0960130',
  'RS0960175',
  'RS0960180',
  'RS0960190',
  'RS0960071',
  'RS0960072',
  'RS0960762',
  'RS0960766',
  'RS0960828',
  'RS0960836',
  'RS0960837',
  'RS0960840',
  'RS0960843',
  'RS0960849',
  'RS0960925',
  'RS0960926',
  'RS0960944',
  'RS0960985',
  'RS0960992',
  'RS0960767',
  'RS0960841',
  'RS0960842',
  'RS0970186',
  'RS0970231',
  'RS0970331',
  'RS0970422',
  'RS0970583',
  'RS0970585',
  'RS0970586',
  'RS0970587',
  'RS0970588',
  'RS0970590',
  'RS0970624',
  'RS0970638',
  'RS0970668',
  'RS0970923',
  'RS0970853',
  'RS0980145',
  'RS0980024',
  'RS0980083',
  'RS0980105',
  'RS0980567',
  'RS0980635',
  'RS0990125',
  'RS0990126',
  'RS0990192',
  'RS0990194',
  'RS0990196',
  'RS0990230',
  'RS0990245',
  'RS0990296',
  'RS0990381',
  'RS0990487',
  'RS0990710',
  'RS0990728',
  'RS1000019',
  'RS1000003',
  'RS1000367',
  'RS1000374',
  'RS1000375',
  'RS1000004',
  'RS1000491',
  'RS1000665',
  'RS1000666',
  'RS1000673',
  'RS1000691',
  'RS1000718',
  'RS1000720',
  'RS1000466',
  'RS1000467',
  'RS1010163',
  'RS1010164',
  'RS1010165',
  'RS1010167',
  'RS1010168',
  'RS1010185',
  'RS1010315',
  'RS1010317',
  'RS1010341',
  'RS1010343',
  'RS1010345',
  'RS1010346',
  'RS1010347',
  'RS1010348',
  'RS1010349',
  'RS1010350',
  'RS1010353',
  'RS1010355',
  'RS1010356',
  'RS1010357',
  'RS1010361',
  'RS1010363',
  'RS1010364',
  'RS1010365',
  'RS1010366',
  'RS1010367',
  'RS1010379',
  'RS1010518',
  'RS1010547',
  'RS1010560',
  'RS1010576',
  'RS1010615',
  'RS1010636',
  'RS1020119',
  'RS1020226',
  'RS1020230',
  'RS1020245',
  'RS1020057',
  'RS1020299',
  'RS1020317',
  'RS1020347',
  'RS1020406',
  'RS1020409',
  'RS1020429',
  'RS1020431',
  'RS1020456',
  'RS1020475',
  'RS1030106',
  'RS1030111',
  'RS1030112',
  'RS1030114',
  'RS1030095',
  'RS1030503',
  'RS1030509',
  'RS1030510',
  'RS1030512',
  'RS1030516',
  'RS1030517',
  'RS1030528',
  'RS1030656',
  'RS1040106',
  'RS1040107',
  'RS1040162',
  'RS1040164',
  'RS1040165',
  'RS1040166',
  'RS1040168',
  'RS1040169',
  'RS1040303',
  'RS1040306',
  'RS1040376',
  'RS1040467',
  'RS1040469',
  'RS1040048',
  'RS1040587',
  'RS1040588',
  'RS1040211',
  'RS1040643',
  'RS1040650',
  'RS1040738',
  'RS1040806',
  'RS1040869',
  'RS1040870',
  'RS1040871',
  'RS1040872',
  'RS1040876',
  'RS1050036',
  'RS1050037',
  'RS1050038',
  'RS1050039',
  'RS1050040',
  'RS1050041',
  'RS1050042',
  'RS1050363',
  'RS1050377',
  'RS1050446',
  'RS1050553',
  'RS1050566',
  'RS1050585',
  'RS1050592',
  'RS1060258',
  'RS1060268',
  'RS1060275',
  'RS1060370',
  'RS1060381',
  'RS1060382',
  'RS1060432',
  'RS1060462',
  'RS1060498',
  'RS1060583',
  'RS1060584',
  'RS1060644',
  'RS1060645',
  'RS1070148',
  'RS1070232',
  'RS1070237',
  'RS1070247',
  'RS1070266',
  'RS1070077',
  'RS1070087',
  'RS1070404',
  'RS1070464',
  'RS1070547',
  'RS1080012',
  'RS1080027',
  'RS1080418',
  'RS1080420',
  'RS1080442',
  'RS1080449',
  'RS1080059',
  'RS1080096',
  'RS1080097',
  'RS1080504',
  'RS1080528',
  'RS1080566',
  'RS1080632',
  'RS1090144',
  'RS1090145',
  'RS1090148',
  'RS1090149',
  'RS1090151',
  'RS1090153',
  'RS1090156',
  'RS1090161',
  'RS1090162',
  'RS1090181',
  'RS1090224',
  'RS1090225',
  'RS1100166',
  'RS1100072',
  'RS1100583',
  'RS1100585',
  'RS1100587',
  'RS1110117',
  'RS1110125',
  'RS1110126',
  'RS1110141',
  'RS1110257',
  'RS1110263',
  'RS1110264',
  'RS1110269',
  'RS1110270',
  'RS1110295',
  'RS1110449',
  'RS1110570',
  'RS1110581',
  'RS1110585',
  'RS1120181',
  'RS1120201',
  'RS1120051',
  'RS1120052',
  'RS1120053',
  'RS1120054',
  'RS1120265',
  'RS1120267',
  'RS1120281',
  'RS1120374',
  'RS1120383',
  'RS1120390',
  'RS1120480',
  'RS1130116',
  'RS1130117',
  'RS1130121',
  'RS1130058',
  'RS1130072',
  'RS1130076',
  'RS1130059',
  'RS1130454',
  'RS1140010',
  'RS1140011',
  'RS1140115',
  'RS1140116',
  'RS1140012',
  'RS1140020',
  'RS1140238',
  'RS1140295',
  'RS1140296',
  'RS1140031',
  'RS1140035',
  'RS1140038',
  'RS1140042',
  'RS1140043',
  'RS1140007',
  'RS1140087',
  'RS1140088',
  'RS1140089',
  'RS1140009',
  'RS1140128',
  'RS1140297',
  'RS1140306',
  'RS1140307',
  'RS1140344',
  'RS1140402',
  'RS1150242',
  'RS1150042',
  'RS1150043',
  'RS1150463',
  'RS1150549',
  'RS1150550',
  'RS1160324',
  'RS1160018',
  'RS1160019',
  'RS1170043',
  'RS1170046',
  'RS1170172',
  'RS1170175',
  'RS1170176',
  'RS1170177',
  'RS1170179',
  'RS1170305',
  'RS1170316',
  'RS1170317',
  'RS1170333',
  'RS1170801',
  'RS1170811',
  'RS1170818',
  'RS1170821',
  'RS1170827',
  'RS1170869',
  'RS1170871',
  'RS1170922',
  'RS1170923',
  'RS1170924')

# Create a table of legislators' 7-coded votes
s_tab.out <- voteview_download(ids = s_votes.7)
s_tab.leg <- s_tab.out$legis.data |>
  as_tibble()
s_tab.vot <- s_tab.out$votes |>
  as_tibble(rownames = "icpsr")
s_tab.fin <- left_join(s_tab.leg, s_tab.vot, by = "icpsr") |>
  select(icpsr, name, state_abbrev, starts_with("RS"))